1777645664907 0.7151928831887311 0
1777645667375 0.4042231849566636 1
1777645669875 0.3636903819138025 2
1777645672344 0.346686272926567 3
1777645674897 0.3352513092280091 4
1777645677371 0.3286785305859957 5
1777645679844 0.32402142586786886 6
1777645682318 0.3190856708721681 7
1777645684816 0.31355250014746483 8
1777645687314 0.3075104048593642 9
1777645689793 0.3052958380995375 10
1777645692280 0.30334518172524194 11
1777645694833 0.30165716495888295 12
1777645697328 0.30109006095031077 13
1777645699811 0.2986381495212392 14
