1777644802892 0.01784208663918858 0
1777644805546 0.0029352722386124007 1
1777644808227 0.0014430254934478767 2
1777644810919 0.0006888928714053725 3
1777644813810 0.00028607206172248884 4
1777644816640 0.00021100999684343704 5
1777644819479 0.0002020606353515618 6
1777644822379 0.00019455658505300634 7
1777644825261 0.00019396856052290452 8
1777644828151 0.000193237458736079 9
1777644831025 0.0001932980505859905 10
1777644833916 0.00019211762694747137 11
1777644836876 0.00019397160334240957 12
1777644839748 0.0001921596315979782 13
1777644842626 0.0001909600890499088 14
